5.0
5.2
5.3
5.5
5.6
5.8
6.0
6.2
6.4
6.6
6.8
7.0
7.2
7.4
7.7
7.9
8.1
8.4
8.7
8.9
9.2
9.5
9.8
10.1
10.4
10.7
11.1
11.4
11.8
12.1
12.5
12.9
13.3
13.7
14.1
14.6
15.0
15.5
16.0
16.4
17.0
17.5
18.0
18.6
19.2
19.8
20.4
21.0
21.6
22.3
23.0
23.7
24.5
25.2
26.0
26.8
27.6
28.5
29.4
30.3
31.2
32.2
33.2
34.2
35.3
36.4
37.5
38.7
39.9
41.1
42.4
43.7
45.0
46.4
47.9
49.4
50.9
52.5
54.1
55.8
57.5
59.3
61.1
63.0
65.0
67.0
69.1
71.2
73.4
75.7
78.0
80.4
82.9
85.5
88.2
90.9
93.7
96.6
99.6
102.7
105.9
109.2
112.6
116.0
119.6
123.3
127.2
131.1
135.2
139.4
143.7
148.1
152.7
157.5
162.4
167.4
172.6
177.9
183.4
189.1
